5449
13399
13577
22541
25349
56897
63533
67927
72503
86587
109111
118213
130073
132857
147289
152419
157519
163679
165037
211319
212501
237089
242419
249311
255767
267727
276037
282833
285827
286751
297641
314879
322769
325849
342757
348241
357169
406633
417383
443423
444539
468137
476639
500443
556477
560621
610703
612301
644789
706201
719239
724021
724441
735877
742549
760423
776987
777277
778847
789623
794477
802609
822007
829463
870977
891487
923861
933553
945647
966463
968117
977209
983803
985799
1009651
1035563
1038019
1042469
1044041
1054517
1059073
1067567
1075303
1099261
1110913
1114801
1147073
1155617
1160941
1177499
1177733
1194547
1234039
1235327
1240817
1262479
1269643
1277569
1280417
1304129
1329619
1361699
1448761
1477457
1491421
1491991
1494403
1511617
1592197
1602353
1603837
1677961
1680457
1736831
1756877
1758443
1771183
1778759
1782271
1793599
1824239
1837481
1846711
1865659
1865849
1874101
1884083
1912307
1914923
2013173
2055127
2061883
2105693
2108879
2111041
2125457
2146141
2163911
2179291
2206123
2208281
2208467
2215949
2219773
2226251
2233391
2260229
2283583
2294767
2309927
2314583
2347049
2358431
2363531
2365637
2376419
2377357
2381311
2386507
2388539
2404757
2417221
2427407
2469241
2469479
2487811
2491243
2512837
2513659
2514053
2515573
2599217
2609471
2621137
2641909
2651063
2664901
2676337
2680367
2681027
2685409
2697547
2705539
2708467
2709671
2751809
2767067
2788007
2788783
2798141
2801119
2843081
2862751
2880719
2887847
2919071
2943289
2951731
2955851
2985287
2997949
3052783
3071567
3075173
3077611
3087907
3093989
3108367
3161593
3183353
3211363
3259603
3289369
3294503
3296221
3297617
3316619
3352477
3358963
3365863
3382501
3386153
3394207
3395131
3405289
3407143
3425621
3465611
3475897
3508003
3526469
3534871
3538133
3538211
3545881
3547111
3581803
3597677
3598729
3598843
3600269
3613193
3627079
3658087
3685369
3703319
3703883
3718277
3735833
3736589
3776867
3777283
3779663
3801053
3828079
3837347
3841993
3843121
3881393
3887959
3888991
3907913
3937139
3938609
3953629
3972697
4033853
4039793
4049537
4082711
4090223
4090703
4095713
4111259
4127407
4141871
4143857
4162343
4185037
4199861
4202903
4245779
4254707
4255879
4261867
4267973
4268611
4280741
4281691
4284121
4356899
4363897
4389293
4402633
4406159
4412593
4430483
4461449
4464371
4478237
4495471
4502651
4531213
4533961
4546891
4548833
4575871
4588417
4605121
4620101
4632281
4646171
4647547
4666183
4702207
4714771
4717547
4735573
4740499
4742557
4743223
4759429
4761083
4789991
4809881
4833743
4834849
4846129
4861033
4890023
4897153
4920583
4963327
4968757
5000861
5018863
5035379
5070293
5070469
5091413
5092069
5096929
5097583
5099669
5107337
5108989
5111413
5133719
5156477
5181899
5186689
5217907
5222159
5233147
5248603
5250367
5291249
5301391
5305871
5311793
5320631
5346083
5378683
5394997
5431949
5452723
5453879
5453881
5485111
5495291
5500567
5512561
5526979
5535379
5554163
5578073
5579549
5579881
5581691
5592047
5600711
5622301
5624191
5632453
5638651
5647261
5650303
5655649
5672299
5687531
5702759
5711213
5721343
5742577
5745893
5795369
5802703
5806301
5817671
5822917
5826991
5882257
5896823
5905981
5907799
5909767
5916593
5933791
5934527
5954093
5967253
6100579
6123797
6126697
6131329
6132751
6163361
6175843
6180029
6180331
6183629
6201047
6210203
6220261
6233567
6235997
6257261
6257623
6263051
6270601
6277067
6296113
6313361
6336349
6346631
6348119
6371921
6382141
6411263
6412657
6428087
6434303
6439903
6472777
6513553
6518263
6521699
6527021
6536081
6548879
6552527
6584681
6598279
6621751
6624463
6640021
6640967
6647581
6659111
6660943
6662171
6662959
6755191
6776971
6793739
6795391
6809323
6833399
6834277
6876227
6919469
6919673
6931871
6950269
6989581
6994219
6998029
7006829
7036801
7065503
7125611
7126799
7187093
7197809
7203407
7216373
7244849
7260457
7266877
7273663
7284971
7297813
7306373
7342003
7354079
7363919
7382951
7393333
7395263
7407611
7440491
7456051
7473143
7500881
7501541
7503757
7508759
7522469
7533803
7538359
7541929
7598827
7610693
7625021
7629989
7635443
7652189
7657159
7664123
7664519
7672879
7682417
7687499
7708147
7733293
7775323
7806433
7806871
7817197
7834429
7835497
7837069
7846451
7865789
7871113
7888613
7903073
7950533
7950589
7972451
7979957
7992503
7994513
8077661
8082343
8113331
8113597
8131609
8167499
8190067
8206073
8224681
8252779
8259703
8272129
8283901
8287309
8296133
8304733
8315731
8318263
8320789
8373041
8381237
8422783
8427929
8429171
8451887
8485027
8490217
8492521
8543687
8569633
8591899
8599553
8647589
8649629
8655671
8658869
8660291
8686703
8694551
8714063
8728427
8742857
8744269
8745367
8793251
8824811
8844659
8860807
8863501
8867633
8870551
8898313
8937583
8951659
8990669
8991293
8994707
9008359
9026057
9031537
9109649
9115507
9119533
9177899
9179581
9182039
9198577
9221077
9237517
9279041
9281119
9309869
9320561
9333767
9351341
9352639
9368129
9370987
9389557
9407317
9451877
9459809
9466007
9468793
9483673
9485933
9495601
9505373
9508703
9517357
9538889
9541373
9543311
9567749
9568817
9583033
9593929
9599501
9606011
9609053
9624467
9628639
9629419
9681277
9684749
9698167
9723331
9740771
9746551
9775399
9776603
9803207
9806389
9821303
9832387
9839537
9859901
9903077
9918373
9923213
9961687
